sample
2247770
235566
8432069
4250939
1953651
5688366
5331133
5120094
3520822
5922530
5328993
5538798
8136851
4932307
560455
2471224
2075705
1292263
1981069
4124764
4535692
1459715
5441450
5620193
2907132
3043079
2805428
3394372
2895311
1642216
3871439
8748143
2822983
4741019
3436405
4310113
6553562
597510
2284816
1567815
3273782
606942
2345604
2978837
3973105
4505200
2718225
2581695
3901695
1150905
3177902
3042772
3995552
5839810
1647536
2712776
5392695
2565659
5844327
5479214
3735842
3595215
3723728
4903348
5333723
2005934
10880571
5991500
8291935
2235775
1764267
1530789
3661964
1559787
1565183
3354344
1676243
7473992
5720101
7206341
2423876
3007216
4830932
7377604
2023174
4722774
1984576
5293448
6498825
2607954
5953931
1843003
10024560
2429344
3227227
930189
752630
6252599
4705648
3374581
2409601
5275229
5359860
8165107
7060547
3714926
2710206
5351591
3729319
7311425
6353749
3791668
721595
1876339
5152575
4785066
2724530
7101903
2604307
6392707
2649872
6499927
4573849
1150271
4431023
2269581
4630381
5112988
5938873
1538981
3956181
9807340
2733680
4409680
4171683
4792715
1543573
1990376
2993914
3250152
5385087
1681354
1180097
2199720
5147781
2236702
2954208
3766430
5053873
5885126
2633216
4867693
3130038
1252218
1011548
3268779
8153194
5396831
5180914
4799542
5358730
2675656
3402851
2503089
5823725
3026511
4441679
4657247
3539567
3667007
3460925
8965167
4503545
6721794
2630570
5005821
5371843
4334604
4527695
5040127
3379434
1025075
1789980
1622784
5007962
3168966
4853662
2838044
13697933
5252322
4170112
6596027
5073793
3797300
3284370
3578462
2215659
4962575
3466013
4078346
1226038
690853
5672665
5207068
6107430
4978924
2962384
6261178
6510723
10242592
1801442
7998154
5061476
567486
5034895
4512382
2469935
1383225
2245619
7835820
4464963
8829768
1264878
3703883
470514
1461165
7337795
4455648
4415921
8806284
2755083
2487604
3696217
803440
3034057
3073640
1277916
8474293
9796631
4294630
3358943
1707695
3176295
4305947
7641206
877595
2414642
9804579
4409996
4715228
4451086
1982874
2191345
3167770
5884121
6046660
1158848
6367683
4168003
2652341
5059679
2044454
7633915
2383890
3607528
1075118
3069636
3237296
2620776
3883322
3273652
4399904
4678669
7520700
2193325
1583389
3988419
2627909
7977610
2799172
3328703
2861488
2541480
642462
5409078
5574546
2890271
9840181
2477500
3246502
9309429
9650019
2558629
2469765
1284986
2109923
69913
4019047
4583178
5579193
2769044
3474793
6482256
5936027
3516666
7367224
1896206
7018020
156910
2630012
3092031
3681192
1190930
3989953
3650158
1080636
2924211
10114721
2608763
4728253
5507927
3380015
5208268
3254746
6983150
4531307
5798212
4616939
5626076
3254054
3018568
4996313
2036758
5720947
8148423
6237170
6065073
3169446
2290846
5201550
2698627
4013384
326378
3825391
3149315
2778952
5098194
1858575
4756399
4339736
7406853
4498009
5496860
5004362
4942115
2853732
10255824
2315505
3585556
1385106
6346157
5397329
9264982
8055503
2724371
3204002
3096178
5427033
9406422
4463837
3270856
3032611
4518543
786988
8967719
2815167
4565524
11552943
5079144
2003659
6245397
2113061
2018996
1792958
9393539
8932266
2955626
2815838
6586076
5116199
5507310
3316075
3421139
2812333
4104872
11383548
5131508
1814408
7824306
4991453
335513
2447696
9919497
5806988
3935686
8235266
392166
5094683
5350620
3592844
3389366
5466862
3157067
5752850
6782754
2662488
14349091
1519788
2554458
2527846
1625776
3529858
2942093
2928550
9206209
7215658
4472284
3171199
4030173
929640
1256875
7809514
2685868
4447732
1173427
2470998
5245860
3944461
4583341
2346469
2897907
2703223
4326409
9307581
2277033
2509052
5633008
3981698
1168671
762383
5152480
3810379
3932483
900637
4717767
3415957
3443809
3313175
7603959
3504305
2346849
4294992
4323057
1492687
2719614
399469
3245563
5292959
4731440
4808064
5783415
2812815
6936227
4045448
6520976
4770544
2322166
3890017
2938480
3238409
5418367
6256929
6707615
5569819
2448028
3003698
4818361
5294937
6319132
2647955
2489899
3481105
2316125
4971218
1783439
4604977
4409356
2494478
953737
5067287
4399771
2750887
8324228
2117953
4618912
9522267
783392
3310907
6175090
3771106
3037720
2687116
1304618
6027651
3086923
5697780
3531922
1634502
785764
14661598
2651153
4724276
3205839
4956643
2814935
5822126
2146958
3516750
3291135
5047079
3588727
6277320
4768956
4700359
4827066
3441506
1253360
2725951
3381084
6639479
1816525
4348074
2752857
3303079
4651187
2097182
5893977
3114480
4616792
8596571
2286478
4655075
3703612
1280533
1602477
3856364
3478663
1517445
6946831
3086328
3060744
5153370
3608510
11202888
1459091
1617349
4678340
6995451
6405082
4726761
4207863
865225
8632400
4600057
2501598
893438
4499811
1157104
4082016
1221937
3720977
4204442
4098491
1863644
5854801
4502287
902515
2426586
2995566
10005322
6329091
2514191
3428001
280233
5123921
3258238
5487681
2347951
1908688
2883292
8452568
4833438
153119
3160231
3404405
1580969
5939157
5334757
4693094
2705340
2880968
3241685
6561061
2352050
1900079
2622089
7575642
4873843
3140878
4396037
4545917
2608244
4070676
2998713
2359273
2183085
2444052
5941647
2749045
115306
3242890
1365004
2669246
5484436
1359363
2266997
5187359
244393
3090668
5256036
6171905
6586058
3898739
2252482
2889451
7226782
2666008
3212550
4217499
14545353
3742828
4933530
1423665
4953096
2340468
5931588
5417254
3484789
1031745
2589595
2892434
7509348
1650703
3285536
7867161
2172595
3276459
1700497
3341409
2665635
397564
1390703
6749959
626155
3218704
3598984
4377864
5607545
3118312
737777
2446325
2176689
2522843
2732368
2663875
4287678
24436
2939947
2878137
1003322
3666055
7321929
2665585
3349891
10287092
5896510
3775084
11167489
5507937
7245374
3005676
3852981
1181359
4027496
6654697
189730
3675388
2012805
1354487
1943849
3433230
6685681
2720602
5150073
3161440
3683306
5037340
5066307
5241178
4232989
489565
3274907
2009484
3647494
4745443
6072319
1255999
229888
3226271
447750
4115663
2554245
4764966
2191851
3264991
6598890
3513939
2582692
5074588
1730795
7600200
4058625
2875710
3338468
2266709
14456832
5681195
7918627
2683046
4785993
6774342
3322193
3355829
1735941
4876385
2926763
4349731
3690675
3430233
3666669
6428536
4025670
2073819
1370341
5863200
125823
3470353
2630990
3132449
4759315
3429544
4620808
1957090
4128589
2745559
2982789
2627616
2855075
5472528
1597251
4643436
1347910
4688626
1835931
4936574
2619560
11102830
2079729
4382537
1638075
2456230
2078346
2261421
3028928
2715828
1742794
4783530
6420952
4335076
1267883
3659211
5472667
804114
1442844
3445641
2741228
1807714
834156
3221100
6043607
8249976
8622440
5456891
4758151
5052617
2263613
8905958
2997373
930714
5163514
2273878
2600329
5402994
5183554
6046134
1807305
6305628
1568251
5267295
822500
1500665
955866
3979652
1886408
4128773
3590659
5374824
2835091
2320697
5596968
479585
2511293
3291143
1892165
4693293
4835431
3026186
5619134
1908205
1413702
6274507
8411879
3612954
2858181
3078970
3435330
354797
5497924
6363187
5098403
2962341
1223405
3677374
2036407
360724
5396904
4347689
482361
3012063
8848360
2630039
2495604
4869453
5245455
1136084
2897195
3021794
1617539
3734678
4519115
4385081
3939915
6226047
3106623
2601959
2653761
5231896
7064349
8934266
5926662
3175645
3656987
5460816
1070273
2011452
2630119
6496805
3036917
5148533
3528841
4732773
104640
4774979
2802775
815070
1335458
5111435
3541362
3898210
2627461
3638738
2607390
1945519
3805458
8721214
3144722
5581619
14909775
2535470
3472154
9690703
5051380
5464430
11448709
2182842
1987497
5390888
7518928
2281210
3666303
2023971
2005590
1991360
5637046
2019452
2596034
1832864
2777700
4193783
5342209
2826116
3348647
6430805
2607588
1537175
318124
268232
1722543
2493948
3600248
2577961
492519
6603130
2233295
3586919
1668815
2530961
3863741
5475045
4720153
2882961
5055549
3727779
1375374
1922791
5305451
4044377
3077142
2591868
4860917
2364217
5364325
6660149
3495775
6850629
3698648
6276774
8629640
5092490
4996066
3252362
9825209
8041297
6523269
2327742
4397112
18809055
3225862
3059051
5054024
5160729
1212209
3185010
3495781
783411
2234194
542746
2131906
4964832
3758253
2409507
574599
3245737
372601
5638338
2410174
5128648
3296770
4403847
1982969
3990969
3969868
1258523
2421608
4380575
6236809
615760
4970890
5621156
7688779
3454427
4954731
5500148
5380775
2550529
3959034
2699807
3973771
3380056
2039654
1191266
3000208
5144028
4759217
3450340
4686636
4233785
4537215
3809753
3403126
2123339
1927957
5781024
5266394
4847063
3766697
5827520
8865165
2707857
5763468
875327
1931496
6228700
5612805
2776998
6373890
4167190
2942829
2412352
1068707
14353440
4234118
9793799
3068508
3354057
4159304
7824464
3146913
5023099
9601316
6996953
7059099
2840098
4325038
6779185
3104069
5554545
2698153
4799894
5905333
2326267
1772547
4938115
2727941
3719170
5096947
738665
3303691
3822875
5322788
3874030
2114410
5416485
2803233
2280205
760386
4956259
2541167
5618101
2545250
2838671
2814225
3289762
218299
6431531
9525932
800653
5692038
4902316
2907692
5772626
3777925
1835074
3777862
4675965
5945600
6484567
695358
15957077
4935033
4534491
29397
2709496
8339326
5030358
1900903
3298937
6136244
3034225
3014014
259503
3750323
3637721
4863611
3745191
3967825
1615037
846741
7708842
4066794
9423045
7620863
2805714
5319521
5355055
2655408
2607511
4302514
2636304
5930938
6686289
3140751
4314006
4724669
2876186
7448614
2478904
3388414
5137178
767095
4034065
2338256
6093363
3980461
4934228
3388786
1477103
5545572
3917134
4137438
3052368
2879334
7197750
5646136
3235714
2044031
1635541
4345640
4624360
6346798
4678288
2942816
5731487
262042
7445276
4933015
3007154
3330266
5424970
5480828
816569
3248625
8116955
321893
5221177
2749122
3933117
2130544
7188034
5308485
8354825
4398196
1973462
4789000
5067265
2367355
4401044
9817235
6197059
6263711
7582010
3292846
1565496
5087584
2961223
3774482
3002057
2792417
6941005
3008926
2593647
2361504
1414311
8821387
6000725
11348392
3128497
1300757
275538
5116068
3463543
3085811
3780897
5879674
2472973
3195687
8147483
4318287
3777138
1735392
2160205
5911983
2587015
3118266
905851
6530046
4094810
7797972
3023070
3441305
5789007
3874069
4670171
6903728
5937377
2850629
3813652
2773713
3104870
230382
4366639
1717062
4445833
3247554
2351375
964776
610855
6995325
3811839
5641276
5368285
3070637
4762325
4983712
2063393
4893370
4341034
5997605
2587897
2888191
4928588
6985839
2294945
5248786
2461340
4081344
9557121
8442887
5623273
4841195
3163885
4280858
2055554
2179896
2781625
5087036
2001864
2609109
1939778
4000156
3333171
2158648
4733036
3121928
3854609
5436480
5057289
5792495
7483227
2891829
1839829
3541645
2967911
1547911
3818292
2169584
7072843
1023979
7286335
3499628
4838731
6802409
2805046
7388024
3523325
4327985
2551949
6110994
1852278
4692326
3644307
3809709
5633175
4561279
3552627
2426015
62581
5533828
523338
2263351
3959193
1857072
5658492
4186209
5064131
4857265
3994527
2117768
3448102
2334570
4858461
5567749
5361360
5115117
6590540
1626084
2598888
4272640
2305298
1620924
3396472
5039710
3927884
3120092
3083012
2976499
6685261
3764034
3436048
2806254
2391235
656934
6110930
1945866
311948
3358351
2260763
1034058
5217564
4408697
3599997
6586288
3199888
7508421
2292514
3723931
7215006
4192896
4763864
3299254
4682196
5561848
2353990
3726858
1622485
3012311
8897268
2878908
5153910
1830076
5673048
6096402
2758867
2371539
5676974
7157253
4671140
6284961
7612519
7176677
5594333
19237982
9652933
3398525
4879440
3600537
133763
7485046
504182
2512135
3308756
4689207
3076550
3294922
7806359
2258676
2917674
3282515
1742998
2415248
4722876
7946301
5083785
3477027
2335894
497225
3595456
3178909
5461611
13226218
5890796
2216555
5069871
3334800
4678388
4050800
1266215
4694022
9068141
1071647
2546410
3085977
10767643
4097468
7636590
4186610
4009612
5436796
6966710
2620661
8535380
328906
3037983
12574363
4793681
2827340
5383582
6446550
1743496
7353339
4382705
4823657
5768955
3834300
4404084
11732487
2140561
1374275
4456226
1862506
3038645
1811452
3173457
5731941
650271
2291687
4537036
1993351
7207840
1790612
2179372
3488194
3610380
6157571
1534097
831450
4497648
6790427
3223143
1709593
2761186
273225
5585140
4120188
2780187
7143209
2199054
1440957
2230655
17303466
3324959
2223785
4702356
6184318
4729110
5685736
6702807
1585704
2532209
3588368
4600826
8613235
3126716
4155066
5036201
4060604
5199326
2803100
3399221
1409466
7460628
3414691
1731914
6109573
3798792
230551
1855373
2773906
271380
5345482
6591963
4342441
185330
6949583
2992468
2171998
3293604
3031640
6683013
7558097
1806854
5330887
4458514
441122
6827725
2007904
2816126
4942714
2008952
4599546
4632081
3330069
2716253
4910696
3034469
980924
5576129
5033132
3052231
5565345
7137749
3102410
2499160
6866021
5025824
3410453
1444226
9216004
1060029
3327161
1040822
5196322
1809161
1748486
4626061
3243152
2747303
5429158
4845116
3199783
1863649
3496789
4426704
2588086
3545936
4975612
6640904
5317395
4833011
4780447
4581376
1847015
4099884
4099627
2365180
2334391
2185803
3008881
2666745
7318046
8217181
4065867
4842337
6568989
5130440
7212177
4391927
5699781
8968825
4324552
5369647
1013132
4299674
4225616
4625034
12403481
3590457
3200949
2004853
545418
2522378
1324913
1895578
2169639
3415164
2377980
288046
2022411
3787806
4509810
4145433
5292077
3415055
9395814
2471046
6436724
1813161
6802337
1833813
2591866
4403008
2343953
2991500
4548943
3313247
1960120
2086555
3050814
13693746
5310704
2059571
3656849
4666701
2106475
4560159
6718838
4121842
4296440
5327957
8521894
1357590
763485
5567234
3088586
5244835
2314805
1762469
12250064
578129
6399379
3125786
1906479
6045741
2676710
2732338
4967709
13666971
2237772
3307270
675416
1090138
2234240
6788171
5719548
8635664
3962579
5684858
3346990
3428834
2363087
6977518
3565006
2358441
3586913
4130824
6049892
2692942
6398766
1608334
3756528
5086903
2106352
4121349
3142311
3589794
3384896
4964968
2809585
5442788
2774824
4153069
2250129
3895303
5036709
712165
2376109
2960243
1116016
2739670
5371336
3909303
4549818
5612723
4386972
2450770
626875
2935446
1953395
517166
2114078
3275218
4567800
3746704
5129732
6356656
3322596
7133599
2294695
812683
3203623
2299189
2238237
4578035
369463
2258467
4788245
3430221
3607862
481160
1545768
5306713
3389748
667828
5537848
2705498
112914
4377154
2384073
2697400
5370582
4108695
2671968
1713625
4312856
1522454
2542987
4250231
469729
7201218
3000240
3108871
1860043
4376928
3952055
5227121
1996096
951094
868553
1464021
2784512
1751158
3499002
6551213
2445611
3745640
681974
5846245
2498097
4192210
2224042
5962823
3899997
5565098
3922557
2991417
2424816
2569879
1296600
3603131
3768734
4121681
3449769
1874091
3226248
2736399
5496112
5896681
3210353
252671
6903637
1066411
2365865
1972444
6709649
3463419
4337416
3660411
2638551
1756736
3421847
1172079
4100785
2701244
295467
1384296
3423816
1490417
2634398
10255592
1857829
3447748
2329795
3290773
9194232
6565345
4596349
2825938
5161050
1313189
3984505
5760374
5305475
8440287
3193604
4284423
6652289
3446152
5076217
5624600
3038658
2068940
2831528
2983458
6335434
6768007
5048219
1428843
3509939
6185395
4567350
1048207
2242762
753911
3289686
6443452
1514063
5091554
957916
2567998
4231805
5620827
8557007
4625129
9743491
3419279
801629
4370825
1854490
5450780
4698419
4318464
3983167
4616684
6570745
6169885
8675702
4864787
4398525
839752
3730683
5327767
2071968
7818065
4293605
6179720
3454775
2157547
819388
2434099
9435186
5163596
2515821
1892323
7043472
3398439
3510544
4936498
3444044
4705553
2221590
2729221
2832678
3777546
5688469
2877564
6043088
4084039
3081059
3154719
7405925
8532115
3289182
6193069
2301660
3175297
4395116
3453640
1255619
5315839
4720179
2350301
2931543
4875150
1990864
8531741
4625507
4296888
2236826
3151670
2282354
3710976
3635130
3465616
1000288
630570
2433446
1484176
3262734
5098070
1710067
888098
1894837
7622333
4210010
3677205
3732355
11433186
3196875
3182306
6960078
2103852
2888455
4888807
3293822
792718
4603699
4416489
1840601
438201
1767313
758464
1281645
6258323
2919905
3961987
3253510
4418259
4888204
5666912
460498
2347709
2422055
5188061
8030830
3317080
4904846
920112
2540903
7084560
1027261
1888709
2694620
1840788
2869212
4921989
6342760
1120733
4785583
1389796
3144258
5361583
3321932
4679011
746687
3252230
2443335
3922021
5883050
3416733
6776693
5051061
6149027
5043221
4261353
5632011
4123261
4885661
4728631
5967353
1898835
16130847
4188271
10047772
5630957
1310964
4919655
3004826
13357863
10714253
4905425
2418556
4888358
2042996
5078807
349163
1676318
3752861
2849315
2438513
2804137
2295480
1873911
11814923
5722317
4195118
3704835
4731470
2644112
2621576
8135811
3693653
1346338
3628137
5124119
2519944
498067
6365195
1759925
2757655
2840703
3424274
2001006
2223647
1445811
5071932
1929917
3200495
7204891
2467140
4058289
3526713
4464129
2468540
5255696
4526783
5705775
3868299
3814288
10561032
5113273
3529287
411656
3575838
5206902
2396648
2297525
3504715
2080877
1243310
4326239
3171271
2674265
2504508
2572068
8648512
2052186
6816320
5197672
6972845
8207574
4368560
5358068
3867654
2751442
2862589
2636314
4505496
5057093
5327421
3267131
2774097
2206265
2897506
1396123
3273496
3567968
1708936
3492294
5737668
2650714
3354810
2557344
2975473
5075040
3963084
3901955
3227717
1827793
3071434
3971881
3121691
4416774
8624132
4543184
2971908
1896981
1863287
7658987
5199818
3969590
4169415
2807342
4951791
2013860
3035604
4301144
4122203
654871
1757158
7991285
916051
4050142
1898117
3006887
2525720
2562555
6550221
3363186
3078626
2141816
5087007
3356666
5870500
6311106
1304840
3539510
4294359
3005252
2401485
4184343
3758503
4045972
4439750
5034797
2990183
2864507
1996646
903398
4476306
6505012
1481934
3572479
4882542
8524765
6172523
11605886
1682371
4801549
7555508
3538797
1479286
4831153
7226367
1955593
1659378
3794038
3561835
3628843
4428818
2471075
598362
841138
3250957
440617
4748366
2580594
240028
5740820
4663321
2821890
3052127
3910827
4265672
5405083
2898818
4399055
1433812
559873
3555939
1445985
2751841
6188600
7405381
4180103
2272539
4553564
3455210
2582805
5294762
5486207
5068347
3210435
3480943
5332203
3839108
2370121
3048559
2728135
248129
2537452
5111482
2517119
6008351
4814229
3405892
1335600
6394938
3209561
3353774
4182606
2280501
2964146
3755374
2158835
5778718
2480346
2217949
2990042
3670098
4527541
4533707
4012610
15062566
643238
5363985
2441816
3027767
2770198
2325937
5944608
6795994
5614590
2054286
5283574
8935447
3154098
4093593
5464288
4926412
1731404
6197297
13299107
6474832
1407225
2798126
1273169
1645324
10900560
4887305
4162283
2637824
5468462
3585559
2886601
6537908
1468353
1394914
16071992
778657
5394220
1348321
1398301
2832897
6983425
2874926
3724709
1786074
406545
3980907
5118695
609139
11368828
7000524
2607446
6400102
2652886
3344070
4130572
3078783
2285838
314281
1219625
5375952
4465166
966345
3117787
2175558
2868961
16916387
4940748
5524740
1842880
2342464
2781966
3269987
2810891
497067
3855240
4149243
3890757
3152538
1859705
8378310
6004319
1331304
3475924
2368890
5391401
2259929
4973393
7449962
5895222
7388122
2235478
5618849
3202971
5136915
4322591
1554704
10954876
4033866
6373290
3761414
1167766
2503117
4199258
7633175
4435444
2214227
4983885
3840539
861109
2858723
3093238
4214484
4592277
4999043
2318920
2207124
4583481
3754188
3634037
3095890
3848968
2827662
5211564
3211056
123726
2757507
3538038
4736683
4200949
2581388
4316529
1355963
6608515
10353677
1397993
2577330
2670428
3175856
3034456
7746119
420411
1413489
5670976
2212985
2232743
3573324
5499129
345998
2851983
1937494
627722
950426
5094992
391019
2484342
7212498
3367269
2586837
5832723
473598
7716064
3379660
3292519
3559285
2520092
948965
5534232
3863101
2870746
985693
2650762
6532981
4865946
5263503
4333060
3388351
5004520
5875761
2245020
2618879
3177442
660494
815441
3117158
2843343
4280524
3479427
5633088
3076588
5243394
5397768
1349774
791590
4924742
2548048
2205919
1509785
1771994
2656831
1851663
3589532
6806074
8237956
5240840
6707419
2447146
5094303
2248703
1828596
1362766
4688784
4109966
7561906
2681126
5136702
5149526
1803768
10327853
8264851
1803993
2447723
5489862
13433719
9344151
7094910
1323520
4369391
2203523
4098729
4140917
5946279
3516082
2261573
2465746
151138
1754798
2978019
1443920
727881
2776390
4025634
970900
5048766
4980380
5470422
2323573
5477460
1725548
1990030
2705026
3062707
6716152
1528687
3252338
9604977
6358055
1693991
5405847
1647646
3558374
2748624
2388035
4060122
3252571
5119329
1565542
1590761
4944264
3701439
2416001
781428
7198136
1022575
4729253
5561370
5242635
1979653
3594217
3783907
3018057
1858367
3505901
6272350
2222320
6433756
5632676
2510081
4051672
3894408
2225742
2592557
7903211
5349847
1991019
814225
10091991
1830668
5961488
4194207
2404369
7165746
2826704
2979833
5992748
2508462
3260048
7136968
4205556
771336
266061
2884666
6470862
4907627
776822
9018009
5080934
3417210
2950258
6616012
7212774
2612965
1756401
10104563
2344312
4385460
5583285
1725055
3817353
5347258
3459463
3321942
1074899
4566941
4599117
2318545
5174707
2323280
5858809
3352797
2408625
2363962
3347700
3631725
1971178
3188940
2861829
2439818
4460524
4398316
863635
5771731
730581
4770990
1450170
1767540
2874239
5398425
3785015
2656546
2953054
1993006
1794644
5920997
5047179
1192317
1272319
1828403
7088963
3180572
1902072
5794290
625932
1678650
3352283
4057096
7924154
90934
5454921
3449815
4154127
3478357
5654935
4192434
4572206
5677248
2078474
3138562
3876791
5660288
2873570
6639792
6333458
5270691
5306688
1829633
6210546
3051487
4094149
1421480
384727
5595842
7867049
6187156
1472059
1760771
1338915
1551162
4060717
6206580
2695037
5659192
5427014
2583983
4666463
6465547
5372274
5281193
3914408
607210
4197747
2597870
4962134
2969397
1968701
1161006
4833742
2401408
2509393
2799852
4396749
7764264
5127965
1916585
889097
3756271
4389324
6747823
5367173
2847994
296718
2452473
1034607
7560923
3420828
3231053
673127
3255443
3492929
455139
2210811
5677375
3485672
3441379
2953368
4994315
3393389
2204209
6462748
2528165
5997319
3292895
1942249
4902923
9601396
1873710
6976251
1961478
1139319
1731532
1681017
2209139
5593257
3715866
1345078
1067930
6165702
4235416
6447674
3801264
2228731
3513655
3870918
2766338
4014750
3837121
3320439
2702610
4601241
7554270
3308337
4474939
2379317
2199915
1299321
5532470
7070157
305731
6498847
3173297
164445
4466302
3542967
5170712
1721136
3183105
4025503
3208580
2488438
1441573
4087885
3275587
5550096
2073070
5027940
3464335
167180
3229215
2883083
3601730
1535311
3537015
2277996
12951373
9453952
5595786
4883699
2658470
4534552
7256373
4826009
11689273
10976357
1391654
5557496
2853380
2772982
6791335
3191343
5211721
3616747
1706133
1549482
4630927
1409139
415001
2095638
5080402
2603908
6613280
6314762
2991524
8808487
1154948
1049804
4625946
5035687
5095615
5073899
3964994
1565353
5313768
2795874
3001151
2053235
2236055
8591806
4245990
3440019
3228438
1315415
2083466
2482901
1666167
6037943
5768921
5358399
2870118
3771285
365558
1436997
4906354
2214522
6197001
1816280
6351863
3856551
3039281
4341728
6708864
2813740
2802022
4399305
2014325
5484577
3125684
3056315
5039523
6120956
1747274
2930346
4837554
4795349
3559354
5748164
1944688
6918054
2937290
2918572
5417117
3124203
3932891
2752818
7464561
7292411
5125516
401484
1998619
1423649
4885103
3234167
264058
4495024
2864166
2969643
2919556
2656142
1823092
3590371
4016611
2688865
2013807
3220290
5115443
4408294
4239727
3959189
4678189
2881704
5119910
2399198
6320463
3528411
2727401
3059019
2217805
5004967
9636759
15523283
3991447
3622185
2905697
3087491
1965899
2930001
1020446
3387910
3120060
2894246
9297205
5491475
7432204
5883164
4233439
1893947
3897450
4348570
705536
2784926
2955030
7428811
5357777
4186196
3381805
3962583
4755672
3956255
7151399
5969315
1787028
3465560
1044148
6267254
2762657
6372199
4913506
3474583
3224028
3131442
3050221
1888432
11581092
7794497
7373030
3486410
2108625
3055964
2237801
5192294
3973831
2444877
9072923
1475362
7698282
1634555
2683361
4140533
7549181
6323372
3410690
606245
6436370
1542119
4480430
2902610
3650752
1887493
1749836
1068529
1920987
2031525
4744888
2253477
2423800
6101390
3159919
6837418
2864278
5804927
3850258
3582788
2391695
1002935
5980473
1749961
2545514
3151159
2697726
3045113
6034580
2112802
2807147
2592469
2363819
5697917
9190726
2214592
1944685
5189358
2792092
9581617
7858302
2738797
3237854
1214388
1438643
2690577
4985764
2372195
4688424
10429520
4492874
2058986
723100
2120190
3636552
2857385
2738295
3552534
3400139
4071038
2449512
7782110
3868963
8266391
464706
3881567
3638580
4834765
2967499
5899193
7115793
5144017
2952567
6203926
3148874
1295214
3700683
2798321
5440022
2997565
1844023
3610894
4963875
659078
4269574
1731795
2276778
5546263
2222060
4747729
6851309
2442084
8172122
1894454
2693657
4050239
3238218
2476621
10086993
4235350
6176126
3155932
2747535
214894
3561064
2844014
5032168
5493329
1548127
1247726
2481512
2381611
4268620
5747895
2297694
1249534
5331346
3132542
1141112
3730448
1743765
6586051
4614316
14138039
6983633
1854776
1846659
2826221
6073886
1989834
606346
1959105
2902960
2212983
3894914
2713633
8011523
1405372
5258982
5057241
7066526
218628
8788060
2748956
2390419
723330
450693
6967164
1753012
2396630
2831938
3419776
9683359
2430485
4970703
3271990
6525707
3496540
6413766
2448720
5796435
695813
2817845
556346
5722826
2272501
1952100
2142624
4895389
2913567
3748247
3278077
5292238
5447171
4346140
3830572
2437548
4880954
1113036
3663816
5067757
2676378
2589730
2835522
5543548
829160
1922368
6870377
4745340
1251488
5747233
1874537
3107759
3763043
3427604
1816594
3876168
2323267
4010379
4698033
3502032
3934521
4105288
1963469
1305407
5795407
9414064
1500283
3148406
4771433
4892598
1741413
2227140
8587968
4478493
2760545
7848364
1211123
705384
2738493
1997632
3381955
4720826
3442851
3616404
7197893
3045792
4564006
11897050
5235129
2708050
5384579
5730273
2993336
11711995
2513973
2220125
4834621
5607358
132788
1330965
4600883
809175
1552970
11688324
5570595
4376595
1003732
8782926
3225285
4072786
935085
2586719
3606134
3446325
2817279
5228125
3654540
4948274
5764318
2256323
2894721
2755396
3179985
7714530
6763887
1818708
4046886
2538848
2253916
3329257
1395474
5379095
5402310
2977669
2230773
112685
1951808
1877161
4987163
12049497
7537109
5443828
5161165
3896441
8340107
5585771
2143075
5364238
2418088
4212449
4098864
5887340
5918134
2071370
8171375
4867836
2119132
2701357
3118791
2305743
1982498
2081010
3350789
5654222
8409277
35180
5449754
3434558
3514088
5616248
1049066
4232019
2869554
4603977
94429
3649822
1412659
3949827
1788391
2755388
4436216
4011171
5399717
6419302
2621043
4519846
4055290
3615609
2673290
3909432
3024559
17843782
2502251
8566625
2683284
1931380
3283273
6858927
1355342
210424
2326225
7001581
4516623
2710784
3452061
459690
3052994
7482523
3251859
1072712
2892228
6126895
2247792
5467693
5390157
3565700
5995519
3647700
3984342
3430788
7640868
6859099
4146641
1568705
1473765
3117330
5297887
3260037
4804141
4912718
4083300
3297683
2589243
2831244
7167693
5977851
5337079
5124254
5183663
2144473
3846374
2395106
2480120
3593767
7199121
887139
1636957
5525385
2555661
3621882
1054725
2771678
8566149
994028
9232290
5266805
7019986
1619257
2452656
3245854
5535156
5515749
6762835
1456634
2782695
4594703
5188094
4735210
5940037
5889244
1932553
2405790
1899071
7078617
4998446
15584197
1256266
3143908
5009761
2742802
857306
3618993
6903919
1451187
1958713
3219200
848333
2867706
2563073
2844950
3319409
1684289
2996113
5596331
2989946
2195883
2166003
2060520
1588637
179484
3230258
3716755
3951189
3036728
1458956
2347991
1021470
5587203
4080941
1216419
2917413
5354274
4761224
3141138
3421184
992905
3386897
1788985
3478435
1889352
3846768
7307535
3678863
7236613
4376486
3140241
1511929
2765149
7242750
1162034
4309245
7153448
3763327
2763338
1734388
2808761
3725645
8424391
1890343
8117208
3774083
2135321
2542255
354230
2239233
4358766
3638380
7132270
2343172
1676913
794740
6105390
3804489
1516088
5502185
2868852
3632158
8373406
3198855
4600940
2418037
4320415
13903919
1247884
4069901
4628695
5408801
2797264
2659261
5608833
4453768
4916290
5027523
6019626
3481235
3834298
943457
1058921
5552680
1860477
5485492
4652285
2033773
288404
3503543
8763070
5250408
3231982
6136988
6097603
4093231
3066872
4061908
7281395
7564278
1683250
13773413
3541345
2868222
5593736
5488111
4398088
198926
684616
3545237
3214243
7908720
2417888
1753497
3635684
2319877
3420494
5280477
2333733
7345268
6970956
4013800
3785922
3008228
1314713
1850822
2208200
6703793
2281192
6483135
7607159
5897788
2762190
4680461
6017754
539397
2810550
3350831
1517369
5237345
6124717
4002826
3724820
2441245
7984003
3267651
3211279
3490971
2172807
4968304
7137967
6573886
6369297
6919441
2677431
4803000
1446166
5196759
1518865
3717130
2663035
2874245
2944971
5190293
1281377
1816820
2432493
4855363
3424574
4709353
2712545
5967932
1879302
4663308
5359630
5839254
5758279
4432269
984852
6578997
4670297
3409803
7067121
3161678
1764136
2088136
2534966
4565433
4589755
2404626
2998727
6315648
3616871
3492923
3377008
3184741
4288335
5823361
6759421
4430711
5570638
4248485
4981348
1890061
1411711
2593757
1930419
3062424
10709382
4580116
4883731
7348052
2351895
4990707
2165391
3840772
6819099
5892266
6833876
4978945
2498263
6740490
2562689
4674307
4522607
3028208
5269477
3874034
4250810
849561
2291107
3169251
3655002
6250785
4978689
1999161
6469680
1974393
3655875
2878096
5412215
1558507
3473290
6717857
4629676
3518309
4637743
2792889
7099476
3183409
8054058
3081138
3768082
979299
2681770
5941585
7186808
2970419
4710008
11024768
13776237
3956898
4620976
964491
2641845
3775755
3323151
2468943
4049315
8304592
3048448
2738276
11143319
2272054
7455289
9668318
2667533
2963975
4955545
5539128
1703437
1851372
2400619
7673467
14295450
3070596
8058979
3272787
5085614
2994288
4131152
4951562
4858582
1760523
1388576
7228543
2115489
4861959
3293036
3926646
3852666
5081339
5289571
2725836
3486078
732133
4915874
1289570
5006389
5542899
1938301
6098296
6279484
2251638
5734361
10675777
4170492
7437640
3404474
5023363
2291214
4611418
6899568
3172028
2531523
2064849
2861899
6545982
5428839
2491218
629416
6646669
3748180
6918055
3249034
3787627
2883930
4686635
2481062
1229796
2943861
3445547
3305646
6354932
1583877
1799791
3256067
7317810
1084367
3806703
2946375
408748
8217188
965749
5012252
1745539
5405316
3183876
2431374
5757866
4849169
4497535
3123594
4668861
2013836
3664531
4705607
6936301
4500427
3578209
2831586
4379699
5043878
4730949
1957959
3377527
6145300
3488418
3272079
2031457
3595812
4615229
3305789
2989305
4326232
7861930
5539025
3839338
2148423
6569188
4811363
4249712
3448968
5910255
5358532
5421789
1568840
4074241
2673136
1337400
5532727
3846377
2922218
189488
8600350
2264172
4612335
3850973
6255974
922346
2978078
3647046
3567992
3298776
3719241
2742387
2947449
3477141
2364398
2282929
1623965
4682210
8341413
4786310
2042510
2992019
4520391
4225964
3009047
8760977
3451556
6300288
508737
2179001
5614374
2665362
6171726
6454353
3110212
6570250
3342379
3028562
3038389
340505
7320144
8757999
5272397
3110398
3547430
1400607
5729574
4882093
11934107
3053781
3418876
1433135
5857325
5853785
2424734
2452916
12424944
1976653
2909276
1475592
148030
4449504
8301654
3943273
4880017
351538
2969829
363681
5923254
2776288
2767595
2412874
5048762
5065026
3029354
620392
5140987
5359976
5201516
644262
2698030
6103981
4794948
2553194
3324935
5090242
1798008
4451155
5568091
4686865
1841310
3591486
6565423
3247750
11499721
3102063
2767582
2380888
5029204
474828
4597793
4172370
7189341
4550126
2108013
1778759
2964951
1759923
1815218
5493826
741736
6724176
3520502
5798646
3421462
1880027
2901988
3156398
14147284
4517368
520119
6886786
3319040
3853203
4303848
5044904
2985150
3101292
5882517
4388286
7194581
3298555
5336935
4650277
98760
2876187
2846262
1055483
3183582
9284669
5400430
956193
3004567
3430558
6577487
4592205
5462720
1341985
9606915
2420393
2882391
1005289
3141966
5947629
5180708
3459773
3415029
4230298
5606145
1574292
3151493
5479482
2283444
3296345
1537761
9388545
5169541
3278133
4265078
4247742
4853352
3922924
1833484
4054481
2432438
3424719
724935
3264650
3368796
5447423
8002418
2270373
5368057
1984733
7452076
1827721
1843387
8045580
1974778
2019819
1775809
5491848
1803882
4824438
8230408
3542826
5239174
4719892
591075
5497813
3558315
188054
2371048
9801347
1621664
5397283
1060725
1629874
2635298
8607968
2749464
4753157
6631278
2205523
3817967
2325931
8563344
3934400
1320956
4381836
3076279
3722676
1943739
2983082
3681884
2800794
2567464
2665303
6634738
4786963
2317084
526171
4535750
827707
2776949
5408577
6795842
9636179
2198168
3343365
2621858
2137814
2435223
3982370
5126614
9060784
1735575
3685545
1162329
3473031
577675
2607876
4423316
5705975
11200707
919291
7116256
1938085
4945667
2663912
5766902
1643256
1329927
2870324
2494065
4910618
6364172
319632
1938448
5196392
2881533
963876
3921083
2055073
74899
5382588
5049964
2119114
364554
6702891
773922
4015815
3832512
2667076
7418592
6810067
4125680
1918752
1946835
3723604
4384986
10059190
3280050
3743991
5295526
2071723
4738918
10439670
937669
1519846
dna_size
3898920
4060577
567548
5530670
985324
4871379
2245518
1569071
5061602
7193163
5048193
6885115
6244430
7503437
8596787
791874
3557332
1788788
8010372
3946043
5260940
2992813
2341116
3177965
3483832
3894759
4570237
3902564
12966953
4358444
8087006
678026
2327012
1298602
7442570
355461
4278321
8929880
1692560
4981939
9471637
478378
898742
3351886
3620499
1183710
5112139
6257704
2015264
3894586
7945094
5856847
3748690
3183085
1960494
1084699
3459962
2470014
3335548
6595358
3123967
4735988
2965106
2779257
8892420
1296807
12095974
5820538
3380374
4865887
9088734
4840009
1861145
4302387
3320926
3340160
2090334
4320459
6131387
5513921
3297005
2819449
4954881
4632829
1320694
4627341
3855354
1765105
2056050
5858479
5885990
3091376
3695209
3553541
5296599
7877874
6946824
5206207
3697478
2045323
3729392
1458977
5759136
3771968
2609679
5187834
11510321
3001361
1277527
4375432
1655497
2535600
1316281
3220885
7171574
5059804
2822850
1669390
8647629
2366224
730991
314611
3421340
7440335
716139
7341109
13731296
4069934
1026016
6694685
1171787
2831601
466015
6560101
1083574
12803239
2891458
2616499
5236433
1757303
1877634
3407095
3735596
2516718
1349592
12616963
4473641
7860238
9275465
1467577
4391957
1475715
3660935
2262449
1405302
6719181
2986748
7817487
7914608
2385317
517304
2146085
2045644
4486214
8807895
6975179
5388296
4495221
5914167
2500792
3469231
101706
4236062
3185597
4401001
5561326
883855
3077928
2539688
1728901
5779325
3239249
4537193
4654786
3062193
3083910
6019568
3442923
4155804
4149851
2154994
3548886
4992438
2444813
2782195
1865865
1530260
2731293
1432877
6427431
2337059
5797832
1727049
3437794
5643440
4878376
5609783
5127990
3572554
4738941
1751504
3397777
2239614
404885
7148717
2615090
5222062
3953235
1808655
5211786
5036985
3460382
4134192
6804444
2985158
1649436
6464715
2028518
4774668
3466635
2396695
589446
2356994
2654734
4144653
6575419
3752979
2904935
3101822
5204595
2456304
4262147
3747462
3097784
3144651
880283
7041255
826842
4413171
2590400
4462264
5993012
3638037
3137746
452324
6988457
302823
142159
1410612
6694257
4487229
6062258
517041
3358903
7171330
6542390
4629749
4344088
4928552
3620354
4601381
3467009
7944983
3145204
2004377
5095385
1641238
2465751
4833248
7626877
4824157
7614827
3838303
3948500
1332471
2013107
3735372
5027821
2847367
4714989
4719655
5865994
2673844
7962458
5756535
6910259
3742739
5953052
4637986
8073156
2845275
3480060
3362360
281001
4515821
1836807
5400655
2916394
879457
3051154
6019003
8476773
7020533
2897868
1075000
4638942
3793770
5970742
3983820
1759793
6852256
2748906
5623570
3889882
3227529
6715889
2619833
5184178
2566907
6527861
9335911
5897425
2313657
1693934
2250826
7493870
5622634
2667981
3384775
2502440
1328802
5306264
875073
4450916
2670528
5796156
5043243
520195
3715910
4821474
2418732
2893350
2456953
2914949
3135758
3301033
9952197
2753612
476415
1936075
2831192
302767
1832887
7591487
6763864
5441954
569330
2141020
1430611
9769681
4439311
2603530
9071700
6033874
6739988
6420616
6145958
3066243
1592727
3047355
3889345
705313
3874544
827832
5518352
2048205
1937003
5023626
14301671
1613609
2822361
3896362
6463131
5970924
2945833
2678863
2780484
2899265
5419471
3152133
4009170
1823675
6777933
5300526
5258632
614817
5035026
768209
4190080
2722241
1674597
5718119
4345648
15790798
6040501
4583529
3240284
3505834
9071119
3999485
4346079
5798467
4841032
1671067
2271003
1982493
1313283
3926932
5045841
2280450
2461388
4156227
4479742
5305255
2250953
1619397
7495305
6096389
1402233
3338748
7310954
3023986
4686695
2835239
3576757
5861068
5878014
3758933
3390502
2122587
7034165
7111358
3812362
3987472
4067872
2356328
3121421
2970572
4038155
2281337
1924036
1295240
3687124
5499474
3087888
2611740
2591460
3212607
5106505
3335472
2713468
2589118
5691648
3033885
4635222
718256
3332822
4034769
2613395
4081176
3085813
4394225
1933459
4075885
5995688
5081582
4792862
1230218
2322202
3455948
3917781
6614824
362685
2856419
5808148
8014187
5066410
2444399
2451528
3786372
2246029
5055437
377930
4241304
5467080
873158
5451097
5045058
883784
3077896
2535559
4841622
5494305
3449496
643517
2951917
1910721
4093014
3166023
2265630
2414118
3037854
4967787
2899439
2646493
5172653
1981980
1862274
3244564
5984169
3403579
5648545
4198958
3961375
5959159
3547432
1171621
1745850
2776279
3144160
4041162
1035857
4911232
4964733
3349131
3219252
6842990
676297
433291
5776821
5714160
3901372
62032
6658462
6843300
2869454
4726647
5848989
3812291
3293444
5928706
4151892
4187662
1403171
7563330
3467468
2889838
7538788
2979160
4310918
2860030
6230000
1740856
6973884
2479372
6145329
1750771
7065506
4541696
2081959
5082903
1449823
2284032
4516812
2288863
2826464
3792407
3223460
3774377
4363697
2278768
2685522
2599425
4947625
2844655
2826656
1788814
5316056
4734845
36134
2334629
1191943
3367228
3056999
2961261
5215791
5397201
2589900
5773054
4725291
3355291
1767585
2880889
3541640
5113779
6009537
1365161
6756416
8121497
6387931
2967220
4284027
2758542
3677094
3705608
4666634
1795349
2364643
5563650
1522157
2048095
2984351
4959358
7072829
9499378
6084324
13299887
1625695
1903770
5536323
3204207
2970479
4088385
4552220
3598275
2092480
2647214
965351
3247932
6649302
3735403
4988054
6819822
3953862
909905
1806179
3350224
7991273
1077880
5674620
10729306
2365743
1408263
6447665
2264803
426365
5464444
5327902
4224677
12007919
2333870
1507521
1539378
748604
2859843
540784
4453889
5801824
1998036
2631991
3333112
9150087
3878379
4051627
3130090
3010216
2121869
5272527
4425751
5780274
2458118
2771317
2430685
4022840
1478489
5598195
687726
6009422
4491996
6384361
4599494
2453296
4787535
5226821
2753632
5582243
3027958
5528955
978974
3217764
2330925
3352618
12202164
1088515
2700320
5047673
651523
2035571
6229157
3310781
5227899
211508
5247822
3257882
3765737
2946556
5105388
1176209
1916286
7141320
1099902
8531648
3385116
1804159
3944451
980184
6454085
3022132
5613816
3504705
5078869
3914479
545441
6074594
1818720
2704917
1619824
3065114
3482119
3958800
4334674
2440285
12678749
3997699
2485803
3776325
3093545
5069565
5456285
1926195
3409646
4795881
3106696
3482301
3640014
3511194
5420583
3308777
3473855
2066056
8662985
5573398
5144412
3156160
5266365
2747424
1989598
6541332
4235346
3351156
2413736
2880602
3454557
4531515
7048644
2708177
9584468
4538717
8095859
4891260
3313202
5180513
3110237
4614065
4699134
8567923
2366029
4991949
5437852
2702196
1903926
2172885
2866688
2607548
5463132
4460464
6727950
5754538
3503226
2174406
5432243
2618420
4486649
1474650
4547782
7721563
3552445
4271409
8157329
3457031
4242529
4310232
1770542
4903775
4437233
4108675
3610257
493093
1019437
3470146
1381139
940798
3374970
2519430
3722178
3859599
5891037
3120030
1899362
341956
3192615
4628003
4378407
55588
4593637
14054785
1398877
6151964
5737867
2424872
1243386
1455468
2358108
1966732
633528
3662874
159495
3918845
4987027
2179205
2726408
2415023
2584323
3397558
4845268
942236
3073582
14627168
2961608
4785265
9424590
1012446
323745
8659614
5534804
3260250
5633123
2819562
1865792
4083767
1494382
4975323
1926682
5316749
4649017
4104180
5623134
6820721
2342840
2236667
4831081
4502473
3898300
4939227
2795741
2730661
128367
1211934
3011743
5185359
4652615
2564773
5247574
2571008
1562842
4545255
6300522
2272237
221161
3020458
1557853
3297117
5511898
3468796
3490545
4060958
5048304
3526458
9928089
2108076
7605654
1105791
5289371
2164191
2915044
1087474
1399541
4346188
3151352
7087244
4829166
3981605
1856605
1916464
1403329
4805067
5152371
4167399
4050300
882625
909289
1360321
3444637
1542242
4195345
4826455
1228950
2701414
1807991
3157424
2035263
4056811
2823327
4107706
3198772
2052576
5279197
345986
643789
3078678
4184140
4076658
555473
1791997
2741005
3884203
2378244
2994579
6870852
4906438
4052175
5171992
4912803
10920911
2246899
1640213
2461561
2699148
3687974
2730180
1426043
4413527
2542760
4539653
1622243
6248350
6070392
1566482
3878257
4950530
4331162
3153734
779904
5330199
777087
3328016
2974060
2062272
2936673
5108305
5091741
3722695
10693962
2478906
4195499
2484940
17847510
5133809
2388462
7459814
2521072
2164548
5069285
2128564
1701519
3245020
3304668
4466080
3056861
3320957
5450704
3860997
2524731
1623455
4931913
2327952
5640131
3535594
5596112
2617801
9316907
3581080
5246856
3586062
3767019
2370204
5631857
3343439
7251769
5371596
1262897
3642959
3226024
5053330
2600130
2530516
2484603
2436754
2380732
1648245
1851161
8308447
6275456
5225304
2576443
2011779
6433571
1022757
2887155
7445484
9919689
2699636
4262905
2584138
4863494
1269463
4982027
2697509
2194199
3531323
4329003
3798654
3079670
3237831
5651878
4109981
2101777
4505164
4681705
1899279
5080752
297491
5129585
4329898
3026849
2851308
4067690
3770215
6756083
4186673
5000817
947519
1758152
2382973
832896
4290158
3196430
1013180
5066711
1311538
2919499
1464788
3273323
2068812
1508643
2852901
2410849
4153797
2572588
505398
1746734
2090224
977249
3053902
1562863
3549179
7140631
4044268
4319540
1714312
4206709
3168337
2730713
2272109
2235637
3804082
2606923
9298277
5397638
5126439
5128312
6822010
2769384
5935185
2706469
251037
6828584
1518506
2257006
2281556
1058490
4777083
2881124
2249019
5515744
4943452
5247569
7485830
5513021
2459459
3280034
7850831
8641766
3182707
4950896
2179908
3492011
3326568
6326342
1698395
7156003
5241461
2323403
896819
2230390
1569366
5040411
5002432
13659595
10305226
7677605
2649383
6724095
1524126
4589587
5101527
2365934
2478957
773286
1491418
2177873
3211630
2019292
4767670
2914112
3880374
2884931
3996359
1792163
6739211
6336934
4969317
6188884
3095826
15094811
6959806
7027589
5337206
10844830
1155866
917423
8130719
4549214
3632181
510424
1620218
3805956
5194512
2814970
3461244
1337608
4436222
3508519
5058158
1186580
4613411
1049950
7523477
1263346
4224006
3153539
1882176
2297794
536819
3628372
3471761
2720239
2773512
3512499
5706544
2747602
5655454
2809306
3184232
4733887
7911704
4502989
1053877
4150040
7994039
7230223
1947381
3518724
3111605
7386713
3944358
4735853
4503301
1345990
5724295
2443313
2510149
1725242
3296982
159845
9776381
3825293
5630251
3167124
2100781
4140586
4517878
3904166
993905
4284774
4769721
3318395
5262022
2973279
7156956
3147424
7561942
3083795
3234607
677066
811559
980682
4520025
8639583
2927577
4790806
3564413
3508552
1681593
2333737
5859582
2643712
2323512
3436686
5181734
4743450
1711282
7551672
3221369
2091624
7154929
3753023
774671
2784117
2337087
2991872
4673116
8328719
2273472
9743676
2316615
3591030
4916823
2499517
2594805
2883398
2719093
39144
3276272
3960848
3611733
6758648
8708231
2398166
1564596
6645001
2647559
2854423
1914014
4094504
3921271
2218655
4105426
2713665
3145153
7239123
8013883
2369274
3056110
3925539
5385248
1775320
5669829
5391857
1077195
4537877
1278604
753909
4572114
3747376
1894597
2984381
2327882
10909657
5795685
2201366
2203357
1420178
2578725
1976373
3438047
1555015
6594162
4587315
10426762
4874646
2328330
4196892
783856
3896244
5862648
2766747
2910045
4040354
2197015
4688002
6726421
4345459
3498171
3546097
1494698
3394911
12994063
3976398
3602324
2234210
7443621
12173976
923302
920276
2120948
2185020
2641019
898928
2584422
6688651
2881291
4355011
5310261
2610390
419148
5038786
4730278
5202920
1116698
5682533
2217602
4769015
3563510
2703998
3213238
5274964
3338921
7082276
4512984
4744575
3663802
2751487
4154131
3712627
9357752
2270367
1747415
5005748
2786737
5190287
7799726
5054787
944989
5173168
4179373
1858179
3160013
20612563
2923926
3285937
5212747
3341513
5567421
2854978
1971536
4001701
1565591
4269024
6904293
5978709
1246863
5701888
5296661
1872939
2315874
3365138
2611785
4546986
2040679
6061334
8612977
3259016
5433114
6234148
8857464
2866975
1342806
2083976
3844410
6237954
4902348
3436056
3838540
5119449
4895145
5275815
2737666
2531978
3401844
4968206
2481270
1305453
5043935
1012556
1963514
3702089
543557
2525424
287776
2469737
4454385
2046632
5066885
7493350
2687410
3492414
3813772
4978615
4998364
2443353
5227259
3507861
4493879
2415267
1690224
5168421
3473800
1156879
4906900
2552022
4997200
2395060
5361633
1400284
3312752
3117869
5505208
1863832
3356874
2716708
5338096
4131534
1664499
4299855
4121656
4919020
3043929
5037880
4141743
3555544
4312699
4045814
4763042
2676470
590988
4766812
4094528
107091
5690037
4799090
6528845
83912
308292
4001156
1762077
3903487
3936229
4352370
4108058
4594114
1899326
3490913
2577126
168458
4631390
2006631
2910343
3986906
4568356
5670865
5051640
3346633
2865944
1643891
3182531
10217005
2987899
10452903
3967246
7664403
1385860
2365635
2949347
9123858
7620882
4532520
4841474
1828423
1954178
7051722
4899406
523328
5503009
5156939
3937213
208110
6721618
8642555
1584429
3808392
2224349
4628173
2644609
6142361
7189431
3216847
5234676
4749780
6113232
2870197
5166765
6790888
4654216
8249946
4000317
2730850
4224274
3674310
3480847
3058084
8771541
2336511
4766736
2950399
2951117
3204614
2082169
844287
3790492
4067274
4246163
643523
8543383
963836
6551714
2068386
2983349
2700780
4353602
2651893
1213717
3116180
3936228
5215058
3578352
3304728
2844722
2777521
2805614
3872924
695199
2748559
195166
3869129
4736024
4019522
parkinsons
