sample	good	bad	good_ids
SRS011061	4	19	487175.102, 46503.2132, 165186.2228, 1263037.131
SRS011134	3	48	2292941.88, 1262833.114, 1262829.114
SRS011239	8	23	487175.103, 512294.31, 28118.1803, 1262904.273, 1637505.71, 1262969.103, 28117.3309, 328812.148
SRS011271	4	32	28118.1806, 821.4126, 2292365.200, 162156.333
SRS011302	2	25	1263052.62, 821.4127
SRS011405	3	14	820.5188, 28111.460, 471870.112
SRS011452	1	6	357276.1137
SRS011529	6	20	1263103.66, 159272.1002, 820.5190, 762982.86, 46506.1904, 165179.2646
SRS011586	6	23	387661.139, 1073388.40, 820.5191, 239935.2387, 59620.2460, 1203608.33
SRS012273	8	39	46506.1908, 471870.113, 1262708.32, 1946508.2426, 820.5195, 656399.17, 1262804.251, 28117.3313
SRS012849	6	28	1872444.1062, 1262738.324, 162156.334, 762982.87, 1262930.163, 2518605.15
SRS012902	5	2	821.4119, 1339287.17, 491921.39, 1262914.827, 28116.1508
SRS012969	8	30	28118.1809, 821.4129, 46503.2139, 162156.336, 2292365.201, 165179.2650, 165185.474, 818.1491
SRS013158	9	4	820.5187, 46506.1903, 821.4121, 1263111.170, 817.1771, 371601.715, 114712.62, 1262684.309, 823.3537
SRS013215	4	2	357276.1138, 1339287.18, 818.1488, 1872444.1058
SRS013476	6	32	1262969.104, 742817.148, 40518.2729, 1637505.74, 28118.1808, 165186.2231
SRS013521	7	12	1262738.325, 2292941.87, 1981025.51, 762982.88, 2518605.16, 46503.2137, 821.4128
SRS013687	6	23	239935.2388, 46503.2147, 1262924.312, 218538.1107, 454154.724, 165179.2652
SRS013800	6	18	46503.2143, 1268240.93, 1263095.64, 820.5204, 291644.183, 1263043.52
SRS013951	2	21	1897017.225, 59823.1248
SRS014235	11	25	46503.2148, 823.3547, 46506.1911, 1941478.53, 820.5209, 1268240.94, 40518.2733, 47678.1046, 338188.237, 1262969.107, 162156.340
SRS014287	8	13	46503.2140, 823.3543, 821.4132, 674529.234, 1268240.91, 820.5199, 47678.1044, 556259.26
SRS014313	6	6	1872444.1067, 1263037.136, 823.3542, 820.5198, 821.4131, 328814.983
SRS014459	9	22	470145.66, 821.4141, 46506.1914, 218538.1109, 1268240.96, 820.5213, 28118.1815, 823.3549, 162156.343
SRS014613	10	13	487175.104, 46503.2145, 1941478.52, 357276.1144, 2585756.49, 1472416.82, 818.1493, 1263037.138, 469590.104, 1339279.12
SRS014683	6	10	2584626.6, 820.5200, 2292941.89, 28111.461, 28118.1811, 821.4133
SRS014923	4	34	2173.821, 820.5210, 46506.1913, 433323.6
SRS014979	4	29	1262969.105, 1638786.240, 1929996.36, 1262797.242
SRS015065	7	27	821.4139, 470145.65, 46503.2150, 218538.1108, 46506.1912, 823.3548, 1262759.10
SRS015133	10	23	46503.2149, 162156.341, 1872444.1073, 592028.539, 454154.725, 674529.236, 239935.2389, 1073387.38, 1946247.217, 1897010.69
SRS015190	7	10	821.4134, 823.3544, 817.1772, 1637509.84, 28116.1517, 1268240.92, 114712.65
SRS015217	7	28	821.4140, 1121098.195, 820.5212, 512294.32, 1122957.149, 818.1495, 1550024.456
SRS015264	1	19	28117.3321
SRS015369	3	7	1203554.127, 821.4135, 823.3545
SRS015431	0	0	
SRS015578	7	20	487175.106, 1339291.10, 818.1496, 592028.541, 821.4142, 28116.1525, 154288.100
SRS015663	18	25	28118.1820, 1262738.329, 218538.1110, 46503.2155, 1262768.85, 1263043.54, 239935.2390, 29523.191, 46506.1919, 1262815.186, 159272.1008, 2291998.18, 1262795.286, 40518.2738, 823.3555, 821.4147, 310297.1038, 28117.3328
SRS015782	9	34	59823.1249, 742823.211, 1262969.108, 1262914.830, 165179.2653, 29523.190, 1263095.65, 1262813.131, 1946508.2437
SRS015854	6	18	821.4143, 46506.1916, 820.5215, 214856.2235, 1946508.2435, 2585756.50
SRS015890	9	15	329854.433, 820.5218, 823.3552, 357276.1149, 1969608.5, 817.1774, 28118.1817, 28117.3325, 165185.479
SRS015960	5	20	46506.1917, 820.5220, 40518.2736, 1872444.1080, 821.4145
SRS016018	7	17	1637509.85, 1929996.38, 1472416.84, 487174.269, 28117.3326, 1263043.53, 28118.1816
SRS016056	9	3	823.3551, 1637511.667, 46503.2153, 28118.1818, 820.5217, 46506.1915, 821.4144, 1637509.86, 162156.344
SRS016095	4	28	40545.1280, 1896972.38, 1203608.35, 820.5223
SRS016203	1	15	46503.2156
SRS016335	7	33	1262791.92, 46506.1922, 1262684.312, 28118.1822, 1262809.205, 1262793.528, 46503.2159
SRS016438	6	5	46503.2157, 28117.3330, 1262697.303, 821.4150, 46506.1920, 820.5224
SRS016495	0	15	
SRS016517	0	16	
SRS016753	5	9	1637500.61, 46503.2158, 1262697.304, 46506.1921, 821.4153
SRS016954	5	19	1637511.668, 28118.1823, 1099853.164, 1262784.180, 59620.2488
SRS016989	5	10	1262738.330, 214856.2238, 1263111.171, 329854.436, 162156.347
SRS017103	4	29	41200.116, 1896967.53, 28118.1824, 2293117.58
SRS017191	3	15	28118.1825, 823.3558, 28117.3332
SRS017307	4	26	1203554.128, 1262973.36, 1262834.35, 159272.1009
SRS017433	14	10	310297.1039, 46506.1925, 28118.1826, 454154.726, 28117.3333, 1262697.307, 46503.2161, 821.4159, 1947049.26, 162156.348, 742823.212, 817.1775, 1263037.140, 674529.241
SRS017521	2	21	656400.11, 821.4161
SRS017701	7	7	823.3559, 46503.2163, 2033407.284, 1262748.141, 1268240.100, 46506.1927, 1263054.13
SRS017821	3	24	1896971.21, 2292941.91, 454154.729
SRS017859	5	6	1872444.1090, 46506.1929, 820.5237, 821.4164, 329854.438
SRS017916	0	2	
SRS018049	2	3	214856.2240, 46503.2166
SRS018133	6	10	162156.349, 357276.1151, 1262738.335, 487175.107, 28118.1829, 1263037.142
SRS018313	5	7	823.3560, 1339314.32, 1897051.156, 1872444.1091, 28116.1536
SRS018351	11	16	2033407.285, 820.5239, 1896968.60, 1262697.311, 218538.1111, 821.4165, 2585118.34, 1872444.1092, 1924106.59, 1262807.147, 818.1507
SRS018427	3	18	821.4166, 1268240.101, 218538.1112
SRS018575	4	8	46503.2168, 487175.109, 823.3562, 357276.1152
SRS018656	2	11	218538.1113, 2584617.6
SRS018984	9	17	28118.1830, 357276.1153, 820.5242, 329854.439, 28117.3338, 286133.198, 328814.991, 817.1777, 360807.1189
SRS019030	9	13	2292941.92, 28111.463, 821.4167, 28118.1831, 41978.1005, 820.5243, 2293194.182, 46506.1931, 1263037.144
SRS019161	6	32	592028.546, 1262708.34, 1896986.105, 1262807.148, 41978.1006, 162156.351
SRS019267	4	11	329854.440, 1262809.206, 820.5244, 1339314.33
SRS019582	5	28	1941478.55, 2585756.55, 1500547.60, 162156.352, 357276.1155
SRS019601	5	20	821.4169, 239935.2392, 817.1778, 820.5246, 329854.441
SRS019685	3	26	1262841.222, 46503.2172, 162156.354
SRS019787	4	9	762984.42, 1262738.336, 1262697.314, 1929996.40
SRS019910	1	13	46503.2173
SRS019968	5	15	328814.993, 823.3570, 821.4171, 2033407.286, 46503.2174
SRS020233	5	44	1946508.2449, 1262738.340, 46503.2176, 544645.209, 28117.3345
SRS020328	12	29	46503.2175, 1262738.339, 823.3573, 821.4174, 1262804.256, 239935.2394, 999418.27, 592028.547, 28118.1836, 1872444.1107, 46506.1935, 162156.357
SRS020394	5	21	820.5251, 1262970.192, 46506.1934, 1121098.196, 1262865.32
SRS020622	5	5	823.3572, 1262738.338, 717959.388, 28117.3344, 821.4173
SRS020869	6	30	1638782.45, 512312.77, 2292242.17, 1472416.88, 1262793.529, 1896967.54
SRS021153	2	5	1896971.22, 820.5254
SRS021219	7	7	2293119.18, 821.4178, 1263043.55, 338188.243, 28118.1838, 1929996.41, 469585.29
SRS021484	11	22	1872444.1110, 1637511.670, 1622071.24, 817.1779, 28118.1839, 821.4179, 1118061.534, 820.5257, 214856.2244, 1897011.946, 1263037.147
SRS022071	7	31	2293117.60, 592028.550, 908612.127, 1872444.1111, 1262736.171, 33025.500, 1896966.28
SRS022137	5	15	28118.1840, 46503.2177, 592028.549, 1262906.50, 46506.1940
SRS022609	2	43	40545.1283, 2292941.93
SRS022713	4	5	1896967.55, 820.5258, 46506.1939, 818.1515
SRS023526	7	23	165179.2659, 28118.1843, 46503.2179, 2292365.203, 823.3579, 162156.359, 1816677.26
SRS023583	4	13	46503.2178, 823.3576, 114712.68, 46506.1942
SRS023715	6	22	46506.1944, 1896967.56, 387661.143, 2292949.16, 1034346.38, 2293113.31
SRS023829	5	2	821.4182, 823.3575, 1339287.20, 1262914.834, 491921.40
SRS023971	7	4	823.3577, 821.4183, 46506.1943, 820.5262, 817.1780, 371601.749, 2585118.35
SRS024009	6	11	46503.2180, 1896969.126, 214856.2246, 821.4185, 1637503.88, 1262969.114
SRS024132	17	31	823.3580, 46503.2183, 820.5269, 1969738.97, 487175.112, 742817.152, 592028.552, 357276.1163, 28118.1844, 1637511.673, 1262969.115, 165179.2660, 1339275.18, 1262914.835, 1268240.106, 1262827.57, 1262788.367
SRS024265	2	16	218538.1116, 46506.1945
SRS024331	10	23	1262738.341, 46503.2182, 329854.446, 28117.3356, 1896972.41, 820.5267, 1099853.166, 259315.191, 2293117.61, 1897051.157
SRS024388	5	9	1235788.13, 1268240.105, 2293119.19, 1263053.173, 817.1781
SRS024435	13	33	40545.1284, 286133.200, 28117.3357, 28118.1845, 46503.2184, 820.5271, 1262794.51, 159272.1012, 1262835.24, 1263095.67, 291644.186, 1262690.21, 823.3582
SRS024492	0	21	
SRS024549	4	4	1637500.62, 357276.1161, 592028.551, 818.1520
SRS024625	8	14	1872444.1118, 387661.144, 162156.362, 823.3581, 1637511.674, 821.4189, 1262897.597, 2292192.28
SRS024663	5	11	46506.1947, 820.5268, 363265.335, 357276.1162, 162156.361
SRS042628	2	25	487174.270, 28117.3360
SRS042966	5	15	1872444.1120, 239935.2395, 821.4191, 46503.2186, 1262738.343
SRS043001	4	9	820.5272, 46506.1950, 357276.1165, 818.1522
SRS043667	3	10	1263111.174, 1262924.314, 823.3583
SRS045004	10	16	821.4192, 592028.554, 46503.2187, 46506.1952, 1263095.68, 820.5275, 162156.364, 28117.3359, 469585.30, 47678.1061
SRS045713	4	17	2293119.20, 357276.1166, 1268240.108, 59823.1251
SRS045739	7	9	1637500.63, 46503.2190, 46506.1953, 821.4193, 1262914.837, 820.5277, 818.1525
SRS045936	1	16	1262697.324
SRS046369	6	14	2033407.288, 823.3586, 239935.2396, 46503.2191, 821.4195, 1262907.283
SRS047014	5	28	1262791.93, 162156.365, 1262793.535, 2650157.7, 46503.2195
SRS047044	0	21	
SRS048164	7	23	40545.1286, 286133.201, 1638782.47, 626940.1085, 28111.466, 820.5284, 1897051.159
SRS048654	0	26	
SRS048870	10	18	1099853.168, 46503.2197, 823.3587, 1406512.21, 1262839.83, 329854.448, 820.5285, 1262969.117, 818.1528, 1262884.717
SRS048981	3	9	742823.213, 357276.1168, 818.1527
SRS049402	10	11	1872444.1128, 1637509.91, 821.4201, 1637503.90, 1262738.345, 2585756.59, 28118.1854, 656399.18, 817.1782, 46506.1959
SRS049712	2	22	2584626.7, 46503.2199
SRS049900	3	6	823.3589, 821.4203, 338188.249
SRS049959	7	41	1262924.316, 1262736.172, 1262751.180, 114712.71, 2585118.38, 162156.368, 59823.1254
SRS049995	9	30	762982.91, 2292941.95, 821.4209, 46506.1965, 172901.111, 1262793.538, 28118.1861, 1262738.348, 2518605.17
SRS050026	8	8	1262697.328, 28117.3364, 310297.1044, 1947049.28, 46506.1961, 742823.215, 46503.2200, 162156.367
SRS050299	3	12	820.5290, 1268240.109, 1263037.154
SRS050422	7	24	823.3594, 114712.72, 59823.1255, 1896972.42, 46503.2207, 338188.250, 291644.188
SRS050752	12	15	46503.2202, 823.3591, 46506.1962, 1872444.1130, 626932.196, 820.5291, 487174.271, 821.4205, 239935.2398, 278064.100, 997873.75, 165179.2666
SRS050925	6	24	1941478.56, 28118.1858, 1262978.50, 1262912.26, 1262697.332, 46503.2205
SRS051031	12	28	218538.1117, 34012.13, 28118.1860, 29523.194, 159272.1014, 28117.3367, 310297.1045, 1262836.240, 1262785.109, 1637505.82, 1897017.236, 2042309.56
SRS051882	5	14	821.4206, 46503.2203, 1121098.197, 823.3592, 1263037.155
SRS052027	4	17	823.3595, 1262889.718, 162156.370, 821.4210
SRS052078	4	3	823.3593, 357276.1172, 46503.2206, 820.5294
SRS052697	9	30	487174.272, 40545.1287, 820.5302, 1263043.59, 1262970.198, 1262794.53, 2293248.21, 1268240.112, 162156.371
SRS053214	8	10	2293117.62, 239935.2399, 821.4211, 28118.1862, 908612.129, 817.1784, 820.5299, 1268240.110
SRS053335	4	16	1637509.93, 820.5300, 371601.770, 674529.249
SRS053356	2	27	41200.118, 172901.112
SRS053573	5	4	1339314.34, 1872444.1135, 1896967.57, 1897051.161, 28116.1569
SRS053649	15	11	823.3597, 114712.73, 1268240.111, 2033407.289, 328814.1000, 28117.3368, 1262748.142, 1872444.1138, 46503.2210, 1896972.43, 2585756.62, 454154.732, 291644.189, 46506.1966, 1262690.22
SRS054352	11	19	1262738.350, 2292941.96, 114712.74, 159272.1016, 1262924.317, 821.4216, 1946296.227, 2585756.63, 29523.195, 259315.196, 454154.734
SRS054590	5	4	1268240.113, 823.3598, 357276.1173, 1872444.1140, 592028.559
SRS054869	3	13	165179.2670, 1263103.67, 159272.1017
SRS054956	2	14	820.5305, 1339346.50
SRS055533	5	3	821.4217, 41200.119, 820.5303, 817.1785, 818.1536
SRS055982	4	16	28118.1865, 46506.1969, 46503.2215, 820.5306
SRS056259	10	14	387661.145, 221953.16, 1339287.22, 823.3601, 46506.1970, 471870.120, 820.5310, 1203608.38, 1897051.162, 818.1541
SRS056273	7	21	2033407.290, 1896968.62, 820.5309, 2585118.39, 471870.119, 1262697.336, 1622071.25
SRS057717	3	4	1339271.12, 357276.1174, 818.1538
SRS058070	7	22	487175.115, 357276.1176, 114712.75, 2293111.63, 1268240.115, 1262826.108, 1946007.61
SRS058723	3	9	823.3599, 1872444.1142, 821.4220
SRS058770	13	9	1262738.352, 46506.1971, 823.3602, 46503.2217, 357276.1175, 1268240.114, 487175.114, 28117.3372, 820.5311, 592028.561, 162156.372, 1263037.158, 1211813.108
SRS062427	4	7	821.4222, 1929996.42, 47678.1063, 674529.251
SRS062701	5	12	1262914.840, 823.3603, 821.4224, 162156.373, 1637505.83
SRS063040	4	23	487174.273, 823.3606, 46503.2222, 1637509.95
SRS063190	10	10	1339287.23, 820.5314, 1637509.94, 1099853.169, 512294.34, 371601.779, 821.4226, 46503.2220, 28118.1868, 1262970.199
SRS063489	3	7	1872444.1145, 28117.3374, 908612.132
SRS063985	7	18	1872444.1150, 239935.2400, 1897010.71, 592028.563, 1262904.281, 46503.2223, 214856.2256
SRS064557	0	5	
SRS064645	3	5	821.4227, 338188.253, 820.5315
SRS064662	4	10	626940.1086, 821.4229, 820.5317, 162156.376
SRS064973	4	4	821.4231, 823.3607, 487175.116, 820.5319
SRS065176	7	9	1872444.1151, 717959.397, 1262691.63, 1262738.354, 33025.503, 28117.3378, 46506.1974
SRS065504	5	24	1262738.355, 823.3610, 1897010.72, 1897051.164, 818.1546
SRS074670	9	3	1637500.67, 46506.1975, 821.4233, 46503.2225, 820.5321, 1262697.340, 28117.3379, 1121101.64, 818.1544
SRS074964	7	6	823.3608, 821.4234, 1872444.1152, 1897051.163, 1896967.58, 28116.1575, 1339314.35
SRS075021	5	9	46503.2226, 239935.2401, 357276.1178, 1339298.17, 818.1545
SRS075078	6	23	2033407.291, 820.5324, 821.4235, 471870.121, 2585118.40, 47678.1065
SRS075341	4	23	114712.76, 1946007.62, 1262969.121, 357276.1180
SRS077730	6	11	908612.134, 821.4237, 820.5326, 817.1788, 1268240.118, 28118.1872
SRS077731	7	8	2293117.63, 821.4236, 908612.133, 28118.1871, 817.1787, 820.5325, 1268240.117
SRS077849	13	16	46503.2229, 28117.3382, 165179.2672, 2292365.204, 821.4239, 1122957.158, 1622071.26, 162156.378, 823.3612, 820.5327, 2585756.65, 818.1550, 47678.1066
SRS078176	9	19	1262738.356, 762982.93, 1981025.52, 278064.101, 821.4238, 2518605.18, 2292941.97, 1262969.122, 1262806.138
SRS078242	6	22	823.3613, 1637511.678, 46503.2231, 821.4240, 1262697.342, 162156.379
SRS078419	14	29	823.3614, 357276.1181, 820.5331, 165179.2673, 28118.1877, 592028.565, 46503.2233, 1969738.99, 1946270.61, 1262969.123, 1637511.679, 2530392.15, 1263054.16, 1339275.19
SRS078665	9	7	1262697.343, 310297.1047, 46506.1978, 28118.1876, 742823.219, 454154.735, 820.5330, 821.4241, 162156.380
SRS100021	9	8	823.3615, 1872444.1158, 1263053.175, 820.5332, 28118.1878, 592028.564, 821.4242, 338188.255, 162156.381
SRS101376	6	17	46506.1979, 820.5334, 821.4244, 1263095.69, 28117.3387, 162156.382
SRS101433	7	15	1946508.2465, 46503.2237, 46506.1980, 28117.3389, 820.5336, 28118.1880, 2585756.69
SRS140492	13	24	1872444.1161, 1262738.357, 821.4247, 1637503.91, 28118.1881, 1946508.2466, 46503.2238, 165190.1120, 2585756.70, 46506.1981, 820.5337, 329854.453, 1211813.109
SRS140513	10	9	820.5335, 817.1789, 28117.3388, 818.1553, 487174.274, 338188.256, 2585756.68, 328814.1007, 1637509.97, 329854.452
SRS140645	1	4	1637500.68
SRS145308	2	5	821.4243, 46503.2234
SRX024053	10	25	1872444.1162, 46503.2239, 59823.1256, 820.5338, 218538.1121, 1262924.319, 46506.1982, 821.4248, 2585756.71, 329854.454
